x
1 0.653396847793656
2 -2.24483607516347
3 -1.58681966041673
4 -1.22630386199088
5 1.67103378662878
6 0.771386290899635
7 0.887650129688358
8 0.651447954519406
9 0.451002881088517
10 0.181404008680342
11 -0.607009581103121
12 -0.622953610880646
13 -2.51597824785381
14 1.23596648231349
15 -0.414584269605474
16 -0.788945074401855
17 -0.877380454005856
18 0.682654169516988
19 -1.27700285227786
20 0.202569552481252
21 -0.92420537975632
22 -0.777475854486521
23 -2.059257315744
24 -1.42423578962203
25 -0.49779911599919
26 -0.0851834335137164
27 -1.34535711962555
28 -1.88470541524017
29 1.76490900952861
30 0.924024559862827
31 -1.72198612817399
32 -0.126284000956419
33 -0.872611918724791
34 0.575994722747727
35 -1.11066510261959
36 0.0275189267526364
37 1.58917209690295
38 -0.225889824058062
39 -0.975315872746573
40 -1.13432380525987
41 0.41848365000855
42 -0.466125115021596
43 -0.839157435663162
44 -2.85959591277616
45 -1.18907921860533
46 -0.594960087854298
47 -1.30457728894132
48 1.45531448911478
49 0.537753274187233
50 0.192255500056723
51 -1.493827838154
52 0.296695988289011
53 0.820017500604219
54 1.45847529872896
55 -1.20446129359519
56 -0.264104115255917
57 0.155812004716246
58 -1.09448050053199
59 0.0572466326596092
60 0.70565310757711
61 0.925431999699563
62 0.3416851839268
63 -0.204520735232383
64 0.390724999811589
65 -0.971738821071936
66 -1.69947056000018
67 -0.349580027617812
68 -0.588289952007674
69 -0.132571062417965
70 1.74755647178456
71 0.80477326400337
72 2.54708599931982
73 -0.0477828263184451
74 -0.370752531390575
75 -2.72179229987035
76 -0.373885199239053
77 -0.0365337571284504
78 -1.11906621357304
79 1.06290548981548
80 -1.42160223713308
81 -1.26212405909873
82 -0.428901418229447
83 -1.01704008121487
84 0.220061449293331
85 0.334833913598793
86 -0.178576464710935
87 -0.781100075195615
88 -0.572018007330837
89 -0.704139157151303
90 1.39804994675908
91 0.0787368064431696
92 0.798473878896796
93 0.402726935565229
94 1.47462360704947
95 -1.49469058952857
96 -2.16764300183656
97 -0.371981214932748
98 0.314758397449657
99 0.626317353525601
100 1.61618119791169
