x
1 4.53978687024344e-05
2 5.1442213742209e-05
3 5.82912656611387e-05
4 6.60521448546479e-05
5 7.48462275106112e-05
6 8.48110417235808e-05
7 9.6102415499474e-05
8 0.000108896910026554
9 0.000123394575986232
10 0.000139822075647329
11 0.000158436219102526
12 0.000179527969346777
13 0.000203426978055207
14 0.00023050672199314
15 0.000261190319095719
16 0.000295957113513077
17 0.000335350130466478
18 0.000379984514751864
19 0.000430557081324615
20 0.000487857122782266
21 0.0005527786369236
22 0.00062633415810942
23 0.000709670399100588
24 0.000804085935629235
25 0.000911051194400645
26 0.00103223103675482
27 0.00116951026505551
28 0.00132502241721316
29 0.00150118225673699
30 0.00170072241143529
31 0.00192673466332748
32 0.00218271644534518
33 0.00247262315663477
34 0.00280092696712097
35 0.00317268284248519
36 0.00359360258142009
37 0.00407013771589613
38 0.00460957217937421
39 0.0052201256935584
40 0.0059110688562438
41 0.00669285092428486
42 0.00757724126786081
43 0.00857748541371198
44 0.00970847648147407
45 0.0109869426305932
46 0.0124316508531858
47 0.0140636270432455
48 0.0159063917118147
49 0.0179862099620916
50 0.0203323533426588
51 0.0229773699100256
52 0.0259573571977968
53 0.0293122307513563
54 0.0330859783887041
55 0.0373268873441295
56 0.0420877279156188
57 0.0474258731775668
58 0.0534033297998242
59 0.0600866501740076
60 0.0675466911396291
61 0.0758581800212435
62 0.0850990450070202
63 0.0953494648991095
64 0.106690593945651
65 0.119202922022118
66 0.132964240197829
67 0.148047198031689
68 0.164516462896563
69 0.182425523806356
70 0.201813222260379
71 0.222700138825309
72 0.245085013132372
73 0.268941421369995
74 0.294214972162989
75 0.320821300824607
76 0.348645135333946
77 0.377540668798145
78 0.40733340004593
79 0.437823499114202
80 0.468790626626244
81 0.5
82 0.531209373373756
83 0.562176500885798
84 0.59266659995407
85 0.622459331201855
86 0.651354864666054
87 0.679178699175393
88 0.705785027837011
89 0.731058578630005
90 0.754914986867628
91 0.777299861174691
92 0.798186777739621
93 0.817574476193644
94 0.835483537103437
95 0.851952801968311
96 0.867035759802171
97 0.880797077977882
98 0.893309406054349
99 0.904650535100891
100 0.91490095499298
101 0.924141819978757
102 0.932453308860371
103 0.939913349825992
104 0.946596670200176
105 0.952574126822433
106 0.957912272084381
107 0.962673112655871
108 0.966914021611296
109 0.970687769248644
110 0.974042642802203
111 0.977022630089974
112 0.979667646657341
113 0.982013790037908
114 0.984093608288185
115 0.985936372956754
116 0.987568349146814
117 0.989013057369407
118 0.990291523518526
119 0.991422514586288
120 0.992422758732139
121 0.993307149075715
122 0.994088931143756
123 0.994779874306442
124 0.995390427820626
125 0.995929862284104
126 0.99640639741858
127 0.996827317157515
128 0.997199073032879
129 0.997527376843365
130 0.997817283554655
131 0.998073265336673
132 0.998299277588565
133 0.998498817743263
134 0.998674977582787
135 0.998830489734944
136 0.998967768963245
137 0.999088948805599
138 0.999195914064371
139 0.999290329600899
140 0.99937366584189
141 0.999447221363076
142 0.999512142877218
143 0.999569442918675
144 0.999620015485248
145 0.999664649869534
146 0.999704042886487
147 0.999738809680904
148 0.999769493278007
149 0.999796573021945
150 0.999820472030653
151 0.999841563780898
152 0.999860177924353
153 0.999876605424014
154 0.999891103089973
155 0.9999038975845
156 0.999915188958276
157 0.999925153772489
158 0.999933947855145
159 0.999941708734339
160 0.999948557786258
161 0.999954602131298
