x
1 -10
2 -9.875
3 -9.75
4 -9.625
5 -9.5
6 -9.375
7 -9.25
8 -9.125
9 -9
10 -8.875
11 -8.75
12 -8.625
13 -8.5
14 -8.375
15 -8.25
16 -8.125
17 -8
18 -7.875
19 -7.75
20 -7.625
21 -7.5
22 -7.375
23 -7.25
24 -7.125
25 -7
26 -6.875
27 -6.75
28 -6.625
29 -6.5
30 -6.375
31 -6.25
32 -6.125
33 -6
34 -5.875
35 -5.75
36 -5.625
37 -5.5
38 -5.375
39 -5.25
40 -5.125
41 -5
42 -4.875
43 -4.75
44 -4.625
45 -4.5
46 -4.375
47 -4.25
48 -4.125
49 -4
50 -3.875
51 -3.75
52 -3.625
53 -3.5
54 -3.375
55 -3.25
56 -3.125
57 -3
58 -2.875
59 -2.75
60 -2.625
61 -2.5
62 -2.375
63 -2.25
64 -2.125
65 -2
66 -1.875
67 -1.75
68 -1.625
69 -1.5
70 -1.375
71 -1.25
72 -1.125
73 -1
74 -0.875
75 -0.75
76 -0.625
77 -0.5
78 -0.375
79 -0.25
80 -0.125
81 0
82 0.125
83 0.25
84 0.375
85 0.5
86 0.625
87 0.75
88 0.875
89 1
90 1.125
91 1.25
92 1.375
93 1.5
94 1.625
95 1.75
96 1.875
97 2
98 2.125
99 2.25
100 2.375
101 2.5
102 2.625
103 2.75
104 2.875
105 3
106 3.125
107 3.25
108 3.375
109 3.5
110 3.625
111 3.75
112 3.875
113 4
114 4.125
115 4.25
116 4.375
117 4.5
118 4.625
119 4.75
120 4.875
121 5
122 5.125
123 5.25
124 5.375
125 5.5
126 5.625
127 5.75
128 5.875
129 6
130 6.125
131 6.25
132 6.375
133 6.5
134 6.625
135 6.75
136 6.875
137 7
138 7.125
139 7.25
140 7.375
141 7.5
142 7.625
143 7.75
144 7.875
145 8
146 8.125
147 8.25
148 8.375
149 8.5
150 8.625
151 8.75
152 8.875
153 9
154 9.125
155 9.25
156 9.375
157 9.5
158 9.625
159 9.75
160 9.875
161 10
