(Intercept) outcome2 outcome3 treatment2 treatment3
1 -12.2474488370375 -3.26598641871472 -3.83753399836006 -4.08248298662165 -4.08248294232045
2 0.298142398465329 -5.41602569034147 2.31412010145205 -9.99200722162641e-16 1.11022302462516e-16
3 0.323178656912355 -0.141819913369868 -5.18827353488547 -4.44089209850063e-16 0
4 0.374165737222408 -0.164194482846823 -0.265922120556778 -5.77350276441169 2.88675139430623
5 0.298142401332703 0.54336657017175 0.0530527014325917 0.5392944215712 -5.00000003772816
6 0.323178660020514 -0.141819914733816 0.533210928460925 0.567906539399812 0.176552131179429
7 0.374165735192272 -0.164194481955942 -0.265922119113947 -0.240144669413545 0.507113172849793
8 0.298142399715052 0.543366567223569 0.0530527011447401 -0.0931611175624193 0.571474387744733
9 0.323178658267021 -0.141819913964334 0.533210925567846 -0.117658924348806 0.591036245963906
