.leap.seconds sec min hour mday mon year wday yday isdst
1 1972-07-01 0 0 0 1 6 72 6 182 0
2 1973-01-01 0 0 0 1 0 73 1 0 0
3 1974-01-01 0 0 0 1 0 74 2 0 0
4 1975-01-01 0 0 0 1 0 75 3 0 0
5 1976-01-01 0 0 0 1 0 76 4 0 0
6 1977-01-01 0 0 0 1 0 77 6 0 0
7 1978-01-01 0 0 0 1 0 78 0 0 0
8 1979-01-01 0 0 0 1 0 79 1 0 0
9 1980-01-01 0 0 0 1 0 80 2 0 0
10 1981-07-01 0 0 0 1 6 81 3 181 0
11 1982-07-01 0 0 0 1 6 82 4 181 0
12 1983-07-01 0 0 0 1 6 83 5 181 0
13 1985-07-01 0 0 0 1 6 85 1 181 0
14 1988-01-01 0 0 0 1 0 88 5 0 0
15 1990-01-01 0 0 0 1 0 90 1 0 0
16 1991-01-01 0 0 0 1 0 91 2 0 0
17 1992-07-01 0 0 0 1 6 92 3 182 0
18 1993-07-01 0 0 0 1 6 93 4 181 0
19 1994-07-01 0 0 0 1 6 94 5 181 0
20 1996-01-01 0 0 0 1 0 96 1 0 0
21 1997-07-01 0 0 0 1 6 97 2 181 0
22 1999-01-01 0 0 0 1 0 99 5 0 0
23 2006-01-01 0 0 0 1 0 106 0 0 0
24 2009-01-01 0 0 0 1 0 109 4 0 0
25 2012-07-01 0 0 0 1 6 112 0 182 0
26 2015-07-01 0 0 0 1 6 115 3 181 0
27 2017-01-01 0 0 0 1 0 117 0 0 0
